BIG BOI
  X:435.13658809242327;
  Y:-110.95795758597875;
BIG BOI
  X:-885.2515548850482;
  Y:-974.7313777568822;
BIG BOI
  X:33274.8992870332;
  Y:-275.91773585924375;
